1 0.11875 0.7791555555555556 0.12291249999999998 0.4398222222222221
1 0.2583375 0.5995333333333334 0.13958750000000003 0.27315555555555554
1 0.1546875 0.38195555555555555 0.040625 0.13055555555555556
1 0.2710875 0.4185111111111111 0.07759999999999997 0.12222222222222222
1 0.2974 0.34304444444444443 0.06146250000000002 0.09351111111111107
1 0.3960875 0.45786666666666664 0.0484375 0.16017777777777775
1 0.44713749999999997 0.3962888888888889 0.0359375 0.10739999999999997
1 0.40885 0.3388888888888889 0.03853750000000005 0.059266666666666704
1 0.4796875 0.7101777777777778 0.11146249999999995 0.3685111111111112
1 0.8065125000000001 0.5574000000000001 0.12552500000000008 0.20000000000000007
1 0.7789 0.35324444444444447 0.06197499999999991 0.11017777777777774
1 0.5286500000000001 0.4661999999999999 0.05103750000000005 0.22499999999999995
1 0.6174499999999999 0.5379555555555556 0.14739999999999995 0.3944444444444445
1 0.648175 0.34026666666666666 0.07552500000000002 0.11760000000000004
1 0.48723750000000005 0.3624888888888889 0.06822500000000005 0.11388888888888889