1 0.28625 0.8609756097560975 0.2825 0.2780487804878049
1 0.8325 0.8814634146341463 0.335 0.2370731707317073
1 0.52125 0.6678048780487805 0.1775 0.24682926829268292
1 0.8025 0.6253658536585366 0.355 0.31414634146341464
1 0.128125 0.6882926829268292 0.18625 0.27219512195121953
1 0.054375 0.4951219512195122 0.10875 0.2760975609756098
1 0.188125 0.4921951219512195 0.17125 0.28585365853658534
1 0.1075 0.3380487804878049 0.13 0.09463414634146342
1 0.356875 0.2941463414634146 0.16875 0.10439024390243902
1 0.318125 0.22829268292682928 0.25625 0.11707317073170732
1 0.643125 0.2370731707317073 0.15125 0.17365853658536584
1 0.913125 0.33121951219512197 0.13625 0.20585365853658535
1 0.66 0.4560975609756098 0.24 0.1551219512195122
1 0.4875 0.39707317073170734 0.12 0.18146341463414634